16
8 8                             (2)
8 4 4                           (3)
8 4 2 2 
4 4 4 4                         (4)    
8 2 2 2 2 
8 4 2 1 1
4 4 4 2 2                       (5)
4 4 4 2 1 1 
4 4 2 2 2 2 
8 2 2 2 1 1 
8 4 1 1 1 1                     (6)
4 4 2 2 2 1 1
8 2 2 1 1 1 1                   (7) 
8 2 1 1 1 1 1 1 
2 2 2 2 2 2 2 2                 (8) 
8 1 1 1 1 1 1 1 1                  
2 2 2 2 2 2 2 1 1               (9)
2 2 2 2 2 2 1 1 1 1             (10)
4 2 2 1 1 1 1 1 1 1 1           (11)
4 2 1 1 1 1 1 1 1 1 1 1         (12)
2 2 2 1 1 1 1 1 1 1 1 1 1
4 1 1 1 1 1 1 1 1 1 1 1 1       (13)
2 2 1 1 1 1 1 1 1 1 1 1 1 1     (14)
2 1 1 1 1 1 1 1 1 1 1 1 1 1 1   (15)
1 1 1 1 1 1 1 1 1 1 1 1 1 1 1 1 (16)
 
Caz maxim 16


4
2 2
2 1 1 
1 1 1 1 

caz 4

8
4 4
4 2 2
2 2 2 2 
4 2 1 1
2 2 2 1 1
4 1 1 1 1
2 2 1 1 1 1 
2 1 1 1 1 1 1 
1 1 1 1 1 1 1 1

caz 8




//Every natural number can be written as the sum of Distinct powers of 2.
    //ma pot folosi de asta?
Sau pot refolosi cumva lema 8 sau 4 pt a usura lema 16?